1589300924.53
1589300926.34
1589300928.1
1589300929.86
1589300931.62
1589300933.38
1589300935.14
1589300936.9
1589300938.66
1589300940.42
1589300942.18
1589300943.94
1589300945.7
1589300947.46
1589300949.22
1589300950.98
1589300952.74
1589300954.5
1589300956.26
1589300958.02
1589300960.66
1589300962.42
1589300964.18
1589300965.94
1589300967.78
1589300969.54
1589300971.3
1589300973.06
1589300974.82
1589300976.58
1589300978.34
1589300980.1
1589300981.86
1589300983.62
1589300985.38
1589300987.14
1589300988.9
1589300990.66
1589300992.42
1589300994.18
1589300995.94
1589300997.7
1589300999.46
1589301001.22
1589301002.98
1589301004.74
1589301006.5
1589301008.26
1589301010.02
1589301011.78
1589301013.54
1589301015.3
1589301017.06
1589301018.82
1589301020.58
1589301022.34
1589301024.1
1589301025.86
1589301027.62
1589301029.38
1589301031.14
1589301032.9
1589301034.66
1589301036.42
1589301038.18
1589301039.94
1589301041.7
1589301043.46
1589301045.22
1589301046.98
1589301048.78
1589301050.58
1589301053.22
1589301054.98
1589301057.62
1589301059.38
1589301061.14
1589301062.9
1589301064.66
1589301066.42
1589301068.18
1589301069.94
1589301071.7
1589301073.46
1589301075.22
1589301076.98
1589301078.74
1589301080.5
1589301082.26
1589301084.02
1589301085.78
1589301087.54
1589301089.3
1589301091.06
1589301092.82
1589301094.58
1589301096.35
1589301098.18
1589301099.98
1589301101.78
1589301103.54
1589301105.3
1589301107.06
1589301108.82
1589301110.58
1589301112.34
1589301114.1
1589301116.74
1589301118.5
1589301120.26
1589301122.02
1589301123.78
1589301125.54
1589301127.3
1589301129.06
1589301130.82
1589301132.58
1589301134.34
1589301136.1
1589301137.86
1589301139.62
1589301141.38
1589301143.14
1589301144.9
1589301146.66
1589301148.42
1589301150.18
1589301151.94
1589301153.7
1589301155.46
1589301157.22
1589301158.98
1589301160.74
1589301162.5
1589301164.26
1589301166.02
1589301167.78
1589301169.54
1589301171.3
1589301173.06
1589301174.82
1589301176.58
1589301178.34
1589301180.1
1589301181.9
1589301184.58
1589301186.34
1589301188.1
1589301189.86
1589301191.62
1589301193.38
1589301195.14
1589301196.9
1589301198.66
1589301200.42
1589301202.18
1589301203.94
1589301205.7
1589301207.46
1589301209.22
1589301210.98
1589301212.74
1589301214.5
1589301216.26
1589301218.02
1589301219.78
1589301221.54
1589301223.3
1589301225.06
1589301226.82
1589301228.58
1589301230.34
1589301232.98
1589301234.74
1589301236.5
1589301238.26
1589301240.02
1589301241.78
1589301243.54
1589301245.3
1589301247.06
1589301248.82
1589301250.58
1589301253.22
1589301254.98
1589301256.74
1589301258.5
1589301260.26
1589301262.02
1589301263.82
1589301265.62
1589301267.38
1589301269.14
1589301270.9
1589301272.66
1589301274.42
1589301276.18
1589301277.94
1589301279.7
1589301281.46
1589301283.22
1589301284.98
1589301286.74
1589301288.5
1589301290.26
1589301292.02
1589301293.78
1589301295.54
1589301297.3
1589301299.06
1589301300.82
1589301302.58
1589301304.34
1589301306.1
1589301307.86
1589301309.62
1589301311.38
1589301313.14
1589301314.9
1589301316.66
1589301318.42
1589301320.18
1589301321.94
1589301323.7
1589301325.46
1589301327.22
1589301328.98
1589301330.74
1589301332.5
1589301334.26
1589301336.02
1589301337.78
1589301339.54
1589301341.3
1589301343.06
1589301344.82
1589301346.66
1589301348.42
1589301350.18
1589301351.94
1589301353.7
1589301355.46
1589301357.22
1589301358.98
1589301360.74
1589301362.5
1589301364.26
1589301366.02
1589301367.78
1589301369.54
1589301371.3
1589301373.06
1589301374.82
1589301376.58
1589301378.34
1589301380.1
1589301381.86
1589301383.62
1589301385.38
1589301387.14
1589301388.9
1589301390.66
1589301392.42
1589301394.18
1589301395.94
1589301397.7
1589301399.46
1589301401.22
1589301402.98
1589301404.74
1589301406.5
1589301408.26
1589301410.02
1589301411.78
1589301413.54
1589301415.3
1589301417.06
1589301418.82
1589301420.58
1589301422.34
1589301424.1
1589301425.86
1589301427.66
1589301429.46
1589301431.22
1589301432.98
1589301434.74
1589301436.5
1589301438.26
1589301440.02
1589301441.78
1589301443.54
1589301445.3
1589301447.06
1589301448.82
1589301450.58
1589301452.34
1589301454.1
1589301455.86
1589301457.62
1589301459.38
1589301461.14
1589301462.9
1589301464.66
1589301466.42
1589301468.18
1589301469.94
1589301471.7
1589301473.46
1589301475.22
1589301476.98
1589301478.74
1589301480.5
1589301482.26
1589301484.02
1589301485.78
1589301487.54
1589301489.3
1589301491.06
1589301492.82
1589301494.58
1589301496.34
1589301498.1
1589301499.86
1589301501.62
1589301503.38
1589301505.14
1589301506.9
1589301508.66
1589301510.5
1589301512.26
1589301514.02
1589301515.78
1589301517.54
1589301519.3
1589301521.06
1589301522.82
1589301524.58
1589301526.34
1589301528.1
1589301529.86
1589301531.62
1589301533.38
1589301535.14
1589301536.9
1589301538.66
1589301540.42
1589301542.18
1589301543.94
1589301545.7
1589301547.46
1589301549.22
1589301550.98
1589301552.74
1589301554.5
1589301556.26
1589301558.02
1589301559.78
1589301561.54
1589301563.3
1589301565.06
1589301566.82
1589301568.58
1589301570.34
1589301572.1
1589301573.86
1589301575.62
1589301577.38
1589301579.14
1589301580.9
1589301582.66
1589301584.42
1589301586.18
1589301587.94
1589301589.7
1589301591.5
1589301593.3
1589301595.06
1589301596.82
1589301598.58
1589301600.34
1589301602.1
1589301603.86
1589301605.62
1589301607.38
1589301609.14
1589301610.9
1589301612.66
1589301614.42
1589301616.18
1589301617.94
1589301619.7
1589301621.46
1589301623.22
1589301624.98
1589301626.74
1589301628.5
1589301630.26
1589301632.02
1589301633.78
1589301635.54
1589301637.3
1589301639.06
1589301640.82
1589301642.58
1589301644.34
1589301646.1
1589301647.86
1589301649.62
1589301651.38
1589301653.14
1589301654.9
1589301656.66
1589301658.42
1589301660.18
1589301661.94
1589301663.7
1589301665.46
1589301667.22
1589301668.98
1589301670.74
1589301672.5
1589301674.34
1589301676.1
1589301677.86
1589301679.62
1589301681.38
1589301683.14
1589301684.9
1589301686.66
1589301688.42
1589301690.18
1589301691.94
1589301693.7
1589301695.46
1589301697.22
1589301698.98
1589301700.74
1589301702.5
1589301704.26
1589301706.02
1589301708.66
1589301710.42
1589301712.18
1589301713.94
1589301715.7
1589301717.46
1589301719.22
1589301720.98
1589301722.74
1589301724.5
1589301726.26
1589301728.02
1589301729.78
1589301731.54
1589301733.3
1589301735.06
1589301736.82
1589301738.58
1589301740.34
1589301742.1
1589301743.86
1589301745.62
1589301747.38
1589301749.14
1589301750.9
1589301752.66
1589301754.42
1589301756.26
1589301758.02
1589301759.78
1589301761.54
1589301763.3
1589301765.06
1589301766.82
1589301768.58
1589301770.34
1589301772.98
1589301774.74
1589301776.5
1589301778.26
1589301780.02
1589301781.78
1589301783.54
1589301785.3
1589301787.06
1589301789.7
1589301791.46
1589301793.22
1589301794.98
1589301796.74
1589301798.5
1589301800.26
1589301802.02
1589301803.78
1589301805.54
1589301807.3
1589301809.06
1589301810.82
1589301812.58
1589301814.34
1589301816.1
1589301817.86
1589301819.62
1589301821.38
1589301823.14
1589301824.9
1589301826.66
1589301828.42
1589301830.18
1589301831.94
1589301833.7
1589301835.46
1589301837.26
1589301839.94
1589301841.7
1589301843.46
1589301845.22
1589301846.98
1589301848.74
1589301850.5
1589301852.26
1589301854.02
1589301855.78
1589301857.54
1589301859.3
1589301861.06
1589301862.82
1589301864.58
1589301866.34
1589301868.1
1589301869.86
1589301871.62
1589301873.38
1589301875.14
1589301876.9
1589301878.66
1589301880.42
1589301882.18
1589301883.94
1589301885.7
1589301887.46
1589301889.22
1589301890.98
1589301892.74
1589301894.5
1589301896.26
1589301898.02
1589301899.78
1589301901.54
1589301903.3
1589301905.06
1589301906.82
1589301908.58
1589301910.34
1589301912.1
1589301913.86
1589301915.62
1589301917.38
1589301919.22
1589301920.98
1589301922.74
1589301924.5
1589301926.26
1589301928.02
1589301929.78
1589301931.54
1589301933.3
1589301935.06
1589301936.82
1589301938.58
1589301940.34
1589301942.1
1589301943.86
1589301945.62
1589301947.38
1589301949.14
1589301950.9
1589301952.66
1589301954.42
1589301956.18
1589301957.94
1589301959.7
1589301961.46
1589301963.22
1589301964.98
1589301966.74
1589301968.5
1589301970.26
1589301972.02
1589301973.78
1589301975.54
1589301977.3
1589301979.06
1589301980.82
1589301982.58
1589301984.34
1589301986.1
1589301987.86
1589301989.62
1589301991.38
1589301993.14
1589301994.9
1589301996.66
1589301998.42
1589302000.18
1589302002.02
1589302003.78
1589302005.54
1589302007.3
1589302009.06
1589302010.82
1589302012.58
1589302014.34
1589302016.1
1589302017.86
1589302019.62
1589302021.38
1589302023.14
1589302024.9
1589302026.66
1589302028.42
1589302030.18
1589302031.94
1589302033.7
1589302035.46
1589302037.22
1589302038.98
1589302040.74
1589302042.5
1589302044.26
1589302046.02
1589302047.78
1589302049.54
1589302051.3
1589302053.06
1589302054.82
1589302056.58
1589302058.34
1589302060.1
1589302061.86
1589302063.62
1589302065.38
1589302067.14
1589302068.9
1589302070.66
1589302072.42
1589302074.18
1589302075.94
1589302077.7
1589302079.46
1589302081.22
1589302083.06
1589302084.82
1589302086.58
1589302088.34
1589302090.1
1589302091.86
1589302093.62
1589302095.38
1589302097.14
1589302098.9
1589302100.66
1589302102.42
1589302104.18
1589302105.94
1589302107.7
1589302109.46
1589302111.22
1589302112.98
1589302114.74
1589302116.5
1589302118.26
1589302120.02
1589302121.78
1589302123.54
1589302125.3
1589302127.06
1589302128.82
1589302130.58
1589302132.34
1589302134.1
1589302135.86
1589302137.62
1589302139.38
1589302141.14
1589302142.9
1589302144.66
1589302146.42
1589302148.18
1589302149.94
1589302151.7
1589302153.46
1589302155.22
1589302156.98
1589302158.74
1589302160.5
1589302162.26
1589302164.02
1589302165.86
1589302167.62
1589302169.38
1589302171.14
1589302172.9
1589302174.66
1589302176.42
1589302178.18
1589302179.94
1589302181.7
1589302183.46
1589302185.22
1589302186.98
1589302188.74
1589302190.5
1589302192.26
1589302194.02
1589302195.78
1589302197.54
1589302199.3
1589302201.06
1589302202.82
1589302204.58
1589302206.34
1589302208.1
1589302209.86
1589302211.62
1589302213.38
1589302215.14
1589302216.9
1589302218.66
1589302220.42
1589302222.18
1589302223.94
1589302225.7
1589302227.46
1589302229.22
1589302230.98
1589302232.74
1589302234.5
1589302236.26
1589302238.02
1589302239.78
1589302241.54
1589302243.3
1589302245.06
1589302246.82
1589302248.66
1589302250.42
1589302252.18
1589302253.94
1589302255.7
1589302257.46
1589302259.22
1589302260.98
1589302262.74
1589302264.5
1589302266.26
1589302268.02
1589302269.78
1589302271.54
1589302273.3
1589302275.06
1589302276.82
1589302278.58
1589302280.34
1589302282.1
1589302283.86
1589302285.62
1589302287.38
1589302289.14
1589302290.9
1589302292.66
1589302294.42
1589302296.18
1589302297.94
1589302299.7
1589302301.46
1589302303.22
1589302304.98
1589302306.74
1589302308.5
1589302310.26
1589302312.02
1589302313.78
1589302315.54
1589302317.3
1589302319.06
1589302320.82
1589302322.58
1589302324.34
1589302326.1
1589302327.86
1589302329.7
1589302331.46
1589302333.22
1589302334.98
1589302336.74
1589302338.5
1589302340.26
1589302342.02
1589302343.78
1589302345.54
1589302347.3
1589302349.06
1589302350.82
1589302352.58
1589302354.34
1589302356.1
1589302357.86
1589302359.62
1589302361.38
1589302363.14
1589302364.9
1589302366.66
1589302368.42
1589302370.18
1589302371.94
1589302373.7
1589302375.46
1589302377.22
1589302378.98
1589302380.74
1589302382.5
1589302384.26
1589302386.02
1589302387.78
1589302389.54
1589302391.3
1589302393.06
1589302394.82
1589302396.58
1589302398.34
1589302400.1
1589302401.86
1589302404.5
1589302406.26
1589302408.02
1589302409.78
1589302411.62
1589302413.38
1589302415.14
1589302416.9
1589302418.66
1589302420.42
1589302422.18
1589302423.94
1589302425.7
1589302427.46
1589302429.22
1589302430.98
1589302432.74
1589302435.38
1589302437.14
1589302438.9
1589302440.66
1589302442.42
1589302444.18
1589302445.94
1589302447.7
1589302449.46
1589302451.22
1589302452.98
1589302454.74
1589302456.5
1589302458.26
1589302460.02
1589302461.78
1589302463.54
1589302465.3
1589302467.06
1589302468.82
1589302470.58
1589302472.34
1589302474.1
1589302475.86
1589302477.62
1589302479.38
1589302481.14
1589302482.9
1589302484.66
1589302486.42
1589302488.18
1589302489.94
1589302491.7
1589302493.54
1589302495.3
1589302497.06
1589302498.82
1589302500.58
1589302502.34
1589302504.1
1589302505.86
1589302507.62
1589302509.38
1589302511.14
1589302512.9
1589302514.66
1589302516.42
1589302518.18
1589302519.94
1589302521.7
1589302523.46
1589302525.22
1589302526.98
1589302528.74
1589302530.5
1589302532.26
1589302534.02
1589302535.78
1589302537.54
1589302539.3
1589302541.06
1589302542.82
1589302544.58
1589302546.34
1589302548.1
1589302549.86
1589302551.62
1589302553.38
1589302555.14
1589302556.9
1589302558.66
1589302560.42
1589302562.18
1589302563.94
1589302565.7
1589302567.46
1589302569.22
1589302570.98
1589302572.74
1589302574.54
1589302576.34
1589302578.1
1589302579.86
1589302581.62
1589302583.38
1589302585.14
1589302586.9
1589302588.66
1589302590.42
1589302592.18
1589302593.94
1589302595.7
1589302597.46
1589302599.22
1589302600.98
1589302602.74
1589302604.5
1589302606.26
1589302608.02
1589302609.78
1589302612.42
1589302614.18
1589302615.94
1589302617.7
1589302619.46
1589302621.22
1589302622.98
1589302624.74
1589302626.5
1589302628.26
1589302630.02
1589302631.78
1589302633.54
1589302635.3
1589302637.06
1589302638.82
1589302640.58
1589302642.34
1589302644.1
1589302645.86
1589302647.62
1589302649.38
1589302651.14
1589302652.9
1589302654.66
1589302656.46
1589302658.26
1589302660.02
1589302661.78
1589302663.54
1589302665.3
1589302667.06
1589302668.82
1589302670.58
1589302672.34
1589302674.1
1589302675.86
1589302677.62
1589302679.38
1589302682.02
1589302683.78
1589302685.54
1589302687.3
1589302689.06
1589302690.82
1589302692.58
1589302694.34
1589302696.1
1589302697.86
1589302699.62
1589302701.38
1589302703.14
1589302704.9
1589302706.66
1589302708.42
1589302710.18
1589302711.94
1589302713.7
1589302715.46
1589302717.22
1589302718.98
1589302720.74
1589302722.5
1589302724.26
1589302726.02
1589302727.78
1589302729.54
1589302732.18
1589302733.94
1589302735.7
1589302737.46
1589302739.3
1589302741.06
1589302742.82
1589302744.58
1589302746.34
1589302748.1
1589302749.86
1589302751.62
1589302753.38
1589302755.14
1589302756.9
1589302758.66
1589302760.42
1589302762.18
1589302763.94
1589302765.7
1589302767.46
1589302769.22
1589302770.98
1589302772.74
1589302774.5
1589302776.26
1589302778.02
1589302779.78
1589302781.54
1589302783.3
1589302785.06
1589302786.82
1589302788.58
1589302790.34
1589302792.98
1589302794.74
1589302796.5
1589302798.26
1589302800.02
1589302801.78
1589302803.54
1589302805.3
1589302807.06
1589302808.82
1589302810.58
1589302812.34
1589302814.1
1589302815.86
1589302818.5
1589302820.3
1589302822.1
1589302823.86
1589302825.62
1589302827.38
1589302829.14
1589302830.9
1589302832.66
1589302834.42
1589302836.18
1589302837.94
1589302839.7
1589302841.46
1589302843.22
1589302844.98
1589302846.74
1589302848.5
1589302850.26
1589302852.02
1589302853.78
1589302855.54
1589302857.3
1589302859.06
1589302860.82
1589302862.58
1589302864.34
1589302866.1
1589302867.86
1589302869.62
1589302871.38
1589302873.14
1589302874.9
1589302876.66
1589302879.3
1589302881.06
1589302882.82
1589302884.58
1589302886.34
1589302888.1
1589302889.86
1589302891.62
1589302893.38
1589302895.14
1589302896.9
1589302898.66
1589302900.42
1589302902.26
1589302904.02
1589302905.78
1589302907.54
1589302909.3
1589302911.06
1589302912.82
1589302914.58
1589302916.34
1589302918.1
1589302919.86
1589302921.62
1589302923.38
1589302925.14
1589302926.9
1589302928.66
1589302930.42
1589302932.18
1589302933.94
1589302935.7
1589302937.46
1589302939.22
1589302940.98
1589302942.74
1589302944.5
1589302946.26
1589302948.02
1589302949.78
1589302951.54
1589302953.3
1589302955.06
1589302956.82
1589302958.58
1589302960.34
1589302962.1
1589302963.86
1589302965.62
1589302967.38
1589302969.14
1589302970.9
1589302973.54
1589302975.3
1589302977.06
1589302978.82
1589302980.58
1589302982.34
1589302984.14
1589302985.94
1589302987.7
1589302989.46
1589302991.22
1589302992.98
1589302994.74
1589302996.5
1589302998.26
1589303000.02
1589303001.78
1589303003.54
1589303005.3
1589303007.06
1589303008.82
1589303010.58
1589303012.34
1589303014.1
1589303015.86
1589303017.62
1589303019.38
1589303021.14
1589303022.9
1589303024.66
1589303026.42
1589303028.18
1589303030.82
1589303032.58
1589303034.34
1589303036.1
1589303037.86
1589303039.62
1589303041.38
1589303043.14
1589303045.78
1589303047.54
1589303049.3
1589303051.06
1589303052.82
1589303054.58
1589303056.34
1589303058.1
1589303059.86
1589303061.62
1589303063.38
1589303065.14
1589303066.98
1589303068.74
1589303070.5
1589303072.26
1589303074.02
1589303075.78
1589303077.54
1589303079.3
1589303081.06
1589303082.82
1589303084.58
1589303086.34
1589303088.1
1589303089.86
1589303091.62
1589303093.38
1589303095.14
1589303096.9
1589303098.66
1589303100.42
1589303102.18
1589303103.94
1589303105.7
1589303107.46
1589303109.22
1589303110.98
1589303112.74
1589303114.5
1589303116.26
1589303118.02
1589303119.78
1589303121.54
1589303123.3
1589303125.06
1589303126.82
1589303128.58
1589303130.34
1589303132.1
1589303133.86
1589303135.62
1589303137.38
1589303139.14
1589303140.9
1589303142.66
1589303144.42
1589303146.18
1589303148.02
1589303149.78
1589303151.54
1589303153.3
1589303155.06
1589303156.82
1589303158.58
1589303160.34
1589303162.1
1589303163.86
1589303165.62
1589303167.38
1589303169.14
1589303170.9
1589303172.66
1589303174.42
1589303176.18
1589303177.94
1589303179.7
1589303181.46
1589303183.22
1589303184.98
1589303186.74
1589303188.5
1589303190.26
1589303192.02
1589303194.66
1589303196.42
1589303198.18
1589303199.94
1589303201.7
1589303203.46
1589303205.22
1589303206.98
1589303208.74
1589303210.5
1589303212.26
1589303214.02
1589303215.78
1589303217.54
1589303219.3
1589303221.06
1589303222.82
1589303224.58
1589303226.34
1589303228.1
1589303229.94
1589303231.7
1589303233.46
1589303235.22
1589303236.98
1589303238.74
1589303240.5
1589303242.26
1589303244.02
1589303245.78
1589303247.54
1589303249.3
1589303251.06
1589303252.82
1589303254.58
1589303256.34
1589303258.1
1589303259.86
1589303261.62
1589303263.38
1589303265.14
1589303266.9
1589303268.66
1589303270.42
1589303272.18
1589303273.94
1589303275.7
1589303277.46
1589303279.22
1589303280.98
1589303282.74
1589303284.5
1589303286.26
1589303288.02
1589303289.78
1589303291.54
1589303293.3
1589303295.06
1589303296.82
1589303298.58
1589303300.34
1589303302.1
1589303303.86
1589303305.62
1589303307.38
1589303309.14
1589303310.9
1589303312.74
1589303314.5
1589303316.26
1589303318.02
1589303319.78
1589303321.54
1589303323.3
1589303325.06
1589303326.82
1589303328.58
1589303330.34
1589303332.98
1589303334.74
1589303336.5
1589303338.26
1589303340.02
1589303341.78
1589303343.54
1589303345.3
1589303347.06
1589303348.82
1589303350.58
1589303352.34
1589303354.1
1589303355.86
1589303357.62
1589303359.38
1589303361.14
1589303362.9
1589303364.66
1589303366.42
1589303368.18
1589303369.94
1589303371.7
1589303373.46
1589303375.22
1589303376.98
1589303378.74
1589303380.5
1589303382.26
1589303384.02
1589303385.78
1589303387.54
1589303389.3
1589303391.06
1589303392.82
1589303394.66
1589303396.42
1589303398.18
1589303399.94
1589303401.7
1589303403.46
1589303405.22
1589303406.98
1589303408.74
1589303410.5
1589303412.26
1589303414.02
1589303415.78
1589303417.54
1589303419.3
1589303421.06
1589303422.82
1589303424.58
1589303426.34
1589303428.1
1589303429.86
1589303431.62
1589303433.38
1589303435.14
1589303436.9
1589303438.66
1589303440.42
1589303442.18
1589303443.94
1589303445.7
1589303447.46
1589303449.22
1589303450.98
1589303452.74
1589303454.5
1589303456.26
1589303458.02
1589303459.78
1589303461.54
1589303463.3
1589303465.06
1589303466.82
1589303468.58
1589303470.34
1589303472.1
1589303473.86
1589303475.7
1589303477.46
1589303479.22
1589303480.98
1589303482.74
1589303484.5
1589303486.26
1589303488.02
1589303489.78
1589303491.54
1589303493.3
1589303495.06
1589303496.82
1589303498.58
1589303500.34
1589303502.1
1589303503.86
1589303505.62
1589303507.38
1589303509.14
1589303510.9
1589303512.66
1589303514.42
1589303516.18
1589303517.94
1589303519.7
1589303521.46
1589303523.22
1589303524.98
1589303526.74
1589303528.5
1589303530.26
1589303532.02
1589303533.78
1589303535.54
1589303537.3
1589303539.06
1589303540.82
1589303542.58
1589303544.34
1589303546.1
1589303547.86
1589303549.62
1589303551.38
1589303553.14
1589303554.9
1589303556.66
1589303558.5
1589303560.26
1589303562.02
1589303563.78
1589303565.54
1589303567.3
1589303569.06
1589303570.82
1589303572.58
1589303574.34
1589303576.1
1589303577.86
1589303579.62
1589303581.38
1589303583.14
1589303584.9
1589303586.66
1589303588.42
1589303590.18
1589303591.94
1589303593.7
1589303595.46
1589303597.22
1589303598.98
1589303600.74
1589303602.5
1589303604.26
1589303606.02
1589303607.78
1589303609.54
1589303611.3
1589303613.06
1589303614.82
1589303616.58
1589303618.34
1589303620.1
1589303621.86
1589303623.62
1589303625.38
1589303627.14
1589303628.9
1589303630.66
1589303632.42
1589303634.18
1589303635.94
1589303637.7
1589303639.46
1589303641.3
1589303643.06
1589303644.82
1589303646.58
1589303648.34
1589303650.1
1589303651.86
1589303653.62
1589303655.38
1589303657.14
1589303658.9
1589303660.66
1589303662.42
1589303664.18
1589303665.94
1589303667.7
1589303669.46
1589303671.22
1589303672.98
1589303674.74
1589303676.5
1589303678.26
1589303680.02
1589303681.78
1589303683.54
1589303685.3
1589303687.06
1589303688.82
1589303690.58
1589303692.34
1589303694.1
1589303695.86
1589303697.62
1589303699.38
1589303701.14
1589303702.9
1589303704.66
1589303706.42
1589303708.18
1589303709.94
1589303711.7
1589303713.46
1589303715.22
1589303716.98
1589303718.74
1589303720.5
1589303722.34
1589303724.1
1589303725.86
1589303727.62
1589303729.38
1589303731.14
1589303732.9
1589303734.66
1589303736.42
1589303738.18
1589303739.94
1589303742.58
1589303744.34
1589303746.1
1589303747.86
1589303749.62
1589303751.38
1589303753.14
1589303754.9
1589303756.66
1589303758.42
1589303760.18
1589303761.94
1589303763.7
1589303765.46
1589303767.22
1589303768.98
1589303770.74
1589303772.5
1589303775.14
1589303776.9
1589303778.66
1589303780.42
1589303782.18
1589303783.94
1589303785.7
1589303787.46
1589303789.22
1589303790.98
1589303792.74
1589303794.5
1589303796.26
1589303798.02
1589303799.78
1589303801.54
1589303803.34
1589303805.14
1589303806.9
1589303808.66
1589303810.42
1589303812.18
1589303813.94
1589303815.7
1589303817.46
1589303819.22
1589303820.98
1589303822.74
1589303824.5
1589303826.26
1589303828.02
1589303829.78
1589303831.54
1589303833.3
1589303835.06
1589303836.82
1589303838.58
1589303840.34
1589303842.1
1589303843.86
1589303845.62
1589303847.38
1589303849.14
1589303850.9
1589303852.66
1589303854.42
1589303856.18
1589303857.94
1589303859.7
1589303861.46
1589303863.22
1589303864.98
1589303866.74
1589303868.5
1589303870.26
1589303872.02
1589303873.78
1589303875.54
1589303877.3
1589303879.06
1589303880.82
1589303882.58
1589303884.34
1589303886.18
1589303887.94
1589303889.7
1589303891.46
1589303893.22
1589303894.98
1589303896.74
1589303898.5
1589303900.26
1589303902.02
1589303903.78
1589303905.54
1589303907.3
1589303909.06
1589303910.82
1589303912.58
1589303914.34
1589303916.1
1589303917.86
1589303919.62
1589303921.38
1589303923.14
1589303924.9
1589303926.66
1589303928.42
1589303930.18
1589303931.94
1589303933.7
1589303935.46
1589303937.22
1589303938.98
1589303940.74
1589303942.5
1589303944.26
1589303946.02
1589303947.78
1589303949.54
1589303951.3
1589303953.06
1589303954.82
1589303956.58
1589303958.34
1589303960.1
1589303961.86
1589303963.62
1589303965.38
1589303967.22
1589303968.98
1589303970.74
1589303972.5
1589303974.26
1589303976.02
1589303977.78
1589303979.54
1589303981.3
1589303983.06
1589303984.82
1589303986.58
1589303988.34
1589303990.1
1589303991.86
1589303993.62
1589303995.38
1589303997.14
1589303998.9
1589304000.66
1589304002.42
1589304004.18
1589304005.94
1589304007.7
1589304009.46
1589304011.22
1589304012.98
1589304014.74
1589304016.5
1589304018.26
1589304020.02
1589304021.78
1589304023.54
1589304025.3
1589304027.06
1589304028.82
1589304030.58
1589304032.34
1589304034.1
1589304035.86
1589304037.62
1589304039.38
1589304041.14
1589304042.9
1589304044.66
1589304046.42
1589304048.18
1589304050.02
1589304051.78
1589304053.54
1589304055.3
1589304057.06
1589304058.82
1589304060.58
1589304062.34
1589304064.1
1589304065.86
1589304067.62
1589304069.38
1589304071.14
1589304072.9
1589304074.66
1589304076.42
1589304078.18
1589304079.94
1589304081.7
1589304083.46
1589304085.22
1589304086.98
1589304088.74
1589304090.5
1589304092.26
1589304094.02
1589304095.78
1589304097.54
1589304099.3
1589304101.06
1589304102.82
1589304104.58
1589304106.34
1589304108.1
1589304109.86
1589304111.62
1589304113.38
1589304115.14
1589304116.9
1589304118.66
1589304120.42
1589304122.18
1589304123.94
1589304125.7
1589304127.46
1589304129.22
1589304131.06
1589304132.82
1589304134.58
1589304136.34
1589304138.1
1589304139.86
1589304141.62
1589304143.38
1589304145.14
1589304146.9
1589304148.66
1589304150.42
1589304152.18
1589304153.94
1589304155.7
1589304157.46
1589304159.22
1589304160.98
1589304162.74
1589304164.5
1589304166.26
1589304168.02
1589304169.78
1589304171.54
1589304173.3
1589304175.06
1589304176.82
1589304178.58
1589304180.34
1589304182.1
1589304183.86
1589304185.62
1589304187.38
1589304189.14
1589304190.9
1589304192.66
1589304194.42
1589304196.18
1589304197.94
1589304199.7
1589304201.46
1589304203.22
1589304204.98
1589304206.74
1589304208.5
1589304210.26
1589304212.02
1589304213.86
1589304215.62
1589304217.38
1589304219.14
1589304220.9
1589304222.66
1589304224.42
1589304226.18
1589304227.94
1589304229.7
1589304231.46
1589304233.22
1589304234.98
1589304236.74
1589304238.5
1589304240.26
1589304242.02
1589304243.78
1589304245.54
1589304247.3
1589304249.06
1589304250.82
1589304252.58
1589304254.34
1589304256.1
1589304257.86
1589304259.62
1589304261.38
1589304263.14
1589304264.9
1589304266.66
1589304268.42
1589304270.18
1589304271.94
1589304273.7
1589304275.46
1589304277.22
1589304278.98
1589304280.74
1589304282.5
1589304284.26
1589304286.02
1589304287.78
1589304289.54
1589304291.3
1589304293.06
1589304294.83
1589304296.66
1589304298.42
1589304300.18
1589304301.94
1589304303.7
1589304305.46
1589304307.22
1589304308.98
1589304310.74
1589304312.5
1589304314.26
1589304316.02
1589304317.78
1589304319.54
1589304321.3
1589304323.06
1589304324.82
1589304326.58
1589304328.34
1589304330.1
1589304331.86
1589304333.62
1589304335.38
1589304337.14
1589304338.9
1589304340.66
1589304342.42
1589304344.18
1589304345.94
1589304347.7
1589304349.46
1589304351.22
1589304352.98
1589304354.74
1589304356.5
1589304358.26
1589304360.02
1589304361.78
1589304363.54
1589304365.3
1589304367.06
1589304368.82
1589304370.58
1589304372.34
1589304374.1
1589304375.86
1589304377.7
1589304379.46
1589304381.22
1589304382.98
1589304384.74
1589304386.5
1589304388.26
1589304390.9
1589304392.66
1589304394.42
1589304396.18
1589304397.94
1589304399.7
1589304401.46
1589304403.22
1589304404.98
1589304406.74
1589304408.5
1589304410.26
1589304412.02
1589304413.78
1589304415.54
1589304417.3
1589304419.06
1589304420.82
1589304422.58
1589304424.34
1589304426.1
1589304427.86
1589304429.62
1589304431.38
1589304433.14
1589304434.9
1589304436.66
1589304438.42
1589304440.18
1589304441.94
1589304443.7
1589304445.46
1589304447.22
1589304448.98
1589304450.74
1589304452.5
1589304454.26
1589304456.02
1589304457.78
1589304459.62
1589304461.38
1589304463.14
1589304464.9
1589304466.66
1589304468.42
1589304470.18
1589304471.94
1589304473.7
1589304475.46
1589304477.22
1589304478.98
1589304480.74
1589304482.5
1589304484.26
1589304486.02
1589304487.78
1589304489.54
1589304491.3
1589304493.06
1589304494.82
1589304496.58
1589304498.34
1589304500.1
1589304501.86
1589304503.62
1589304505.38
1589304507.14
1589304508.9
1589304510.66
1589304512.42
1589304514.18
1589304515.94
1589304517.7
1589304519.46
1589304521.22
1589304522.98
1589304524.74
1589304526.5
1589304528.26
1589304530.02
1589304531.78
1589304533.54
1589304535.3
1589304537.06
1589304538.82
1589304540.66
1589304542.42
1589304544.18
1589304545.94
1589304547.7
1589304549.46
1589304551.22
1589304552.98
1589304554.74
1589304556.5
1589304558.26
1589304560.02
1589304561.78
1589304563.54
1589304565.3
1589304567.06
1589304568.82
1589304570.58
1589304572.34
1589304574.1
1589304575.86
1589304577.62
1589304579.38
1589304581.14
1589304582.9
1589304584.66
1589304586.42
1589304588.18
1589304589.94
1589304591.7
1589304593.46
1589304595.22
1589304596.98
1589304598.74
1589304600.5
1589304602.26
1589304604.02
1589304605.78
1589304607.54
1589304609.3
1589304611.06
1589304612.82
1589304614.58
1589304616.34
1589304618.1
1589304619.86
1589304621.62
1589304623.46
1589304625.22
1589304626.98
1589304628.74
1589304630.5
1589304632.26
1589304634.02
1589304635.78
1589304637.54
1589304639.3
1589304641.06
1589304642.82
1589304644.58
1589304646.34
1589304648.1
1589304649.86
1589304651.62
1589304653.38
1589304655.14
1589304657.78
1589304659.54
1589304661.3
1589304663.06
1589304664.82
1589304666.58
1589304668.34
1589304670.1
1589304671.86
1589304673.62
1589304675.38
1589304677.14
1589304678.9
1589304680.66
1589304682.42
1589304684.18
1589304685.94
1589304687.7
1589304689.46
1589304691.22
1589304692.98
1589304694.74
1589304696.5
1589304698.26
1589304700.02
1589304701.78
1589304703.54
1589304705.38
1589304707.14
1589304708.9
1589304710.66
1589304712.42
1589304714.18
1589304715.94
1589304717.7
1589304719.46
1589304721.22
1589304722.98
1589304724.74
1589304726.5
1589304728.26
1589304730.02
1589304731.78
1589304733.54
1589304735.3
1589304737.06
1589304738.82
1589304740.58
1589304742.34
1589304744.1
1589304745.86
1589304747.62
1589304749.38
1589304751.14
1589304752.9
1589304754.66
1589304756.42
1589304758.18
1589304759.94
1589304761.7
1589304763.46
1589304765.22
1589304766.98
1589304768.74
1589304770.5
1589304772.26
1589304774.02
1589304775.78
1589304777.54
1589304779.3
1589304781.06
1589304782.82
1589304784.58
1589304786.38
1589304788.18
1589304789.94
1589304791.7
1589304793.46
1589304795.22
1589304796.98
1589304798.74
1589304800.5
1589304802.26
1589304804.02
1589304805.78
1589304807.54
1589304809.3
1589304811.06
1589304812.82
1589304814.58
1589304816.34
1589304818.1
1589304819.86
1589304821.62
1589304823.38
1589304825.14
1589304826.9
1589304828.66
1589304830.42
1589304832.18
1589304833.94
1589304835.7
1589304837.46
1589304839.22
1589304841.86
1589304843.62
1589304845.38
1589304847.14
1589304848.9
1589304850.66
1589304852.42
1589304854.18
1589304855.94
1589304857.7
1589304859.46
1589304861.22
1589304862.98
1589304864.74
1589304866.5
1589304868.3
1589304870.1
1589304871.86
1589304873.62
1589304875.38
1589304877.14
1589304878.9
1589304880.66
1589304882.42
1589304884.18
1589304885.94
1589304887.7
1589304889.46
1589304891.22
1589304892.98
1589304894.74
1589304896.5
1589304898.26
1589304900.02
1589304901.78
1589304903.54
1589304905.3
1589304907.06
1589304908.82
1589304910.58
1589304912.34
1589304914.1
1589304915.86
1589304917.62
1589304919.38
1589304921.14
1589304923.78
1589304925.54
1589304928.18
1589304929.94
1589304931.7
1589304933.46
1589304935.22
1589304936.98
1589304939.62
1589304941.38
1589304943.14
1589304944.9
1589304946.66
1589304948.42
1589304950.22
1589304952.02
1589304953.78
1589304955.54
1589304957.3
1589304959.06
1589304960.82
1589304962.58
1589304964.34
1589304966.1
1589304967.86
1589304969.62
1589304971.38
1589304973.14
1589304974.9
1589304976.66
1589304978.42
1589304980.18
1589304981.94
1589304983.7
1589304985.46
1589304987.22
1589304988.98
1589304990.74
1589304992.5
1589304994.26
1589304996.02
1589304997.78
1589304999.54
1589305001.3
1589305003.06
1589305005.7
1589305007.46
1589305009.22
1589305010.98
1589305012.74
1589305014.5
1589305016.26
1589305018.02
1589305020.66
1589305022.42
1589305024.18
1589305025.94
1589305027.7
1589305029.46
1589305031.22
1589305033.06
1589305034.82
1589305036.58
1589305038.34
1589305040.1
1589305041.86
1589305043.62
1589305045.38
1589305047.14
1589305048.9
1589305050.66
1589305052.42
1589305054.18
1589305055.94
1589305057.7
1589305059.46
1589305061.22
1589305062.98
1589305064.74
1589305066.5
1589305068.26
1589305070.02
1589305071.78
1589305073.54
1589305075.3
1589305077.06
1589305079.7
1589305081.46
1589305083.22
1589305084.98
1589305086.74
1589305088.5
1589305090.26
1589305092.02
1589305093.78
1589305095.54
1589305097.3
1589305099.06
1589305100.82
1589305102.58
1589305104.34
1589305106.1
1589305107.86
1589305109.62
1589305111.38
1589305113.14
1589305114.98
1589305116.74
1589305118.5
1589305120.26
1589305122.02
1589305123.78
1589305125.54
1589305127.3
1589305129.06
1589305130.82
1589305132.58
1589305134.34
1589305136.1
1589305137.86
1589305139.62
1589305141.38
1589305143.14
1589305144.9
1589305146.66
1589305148.42
1589305150.18
1589305151.94
1589305153.7
1589305155.46
1589305157.22
1589305158.98
1589305160.74
1589305162.5
1589305164.26
1589305166.02
1589305167.78
1589305169.54
1589305171.3
1589305173.06
1589305174.82
1589305176.58
1589305178.34
1589305180.1
1589305181.86
1589305183.62
1589305185.38
1589305187.14
1589305188.9
1589305190.66
1589305193.3
1589305195.06
1589305196.9
1589305198.66
1589305200.42
1589305202.18
1589305203.94
1589305205.7
1589305207.46
1589305209.22
1589305210.98
1589305212.74
1589305214.5
1589305216.26
1589305218.02
1589305219.78
1589305221.54
1589305223.3
1589305225.06
1589305226.82
1589305228.58
1589305230.34
1589305232.1
1589305233.86
1589305235.62
1589305237.38
1589305239.14
1589305240.9
1589305243.54
1589305245.3
1589305247.06
1589305248.82
1589305250.58
1589305252.34
1589305254.1
1589305255.86
1589305257.62
1589305259.38
1589305261.14
1589305262.9
1589305264.66
1589305266.42
1589305268.18
1589305269.94
1589305271.7
1589305273.46
1589305275.22
1589305276.98
1589305278.82
1589305280.58
1589305282.34
1589305284.1
1589305285.86
1589305287.62
1589305289.38
1589305291.14
1589305292.9
1589305294.66
1589305296.42
1589305298.18
1589305300.82
1589305302.58
1589305304.34
1589305306.1
1589305307.86
1589305309.62
1589305311.38
1589305313.14
1589305314.9
1589305316.66
1589305318.42
1589305320.18
1589305321.94
1589305323.7
1589305325.46
1589305327.22
1589305328.98
1589305330.74
1589305332.5
1589305334.26
1589305336.02
1589305337.78
1589305339.54
1589305341.3
1589305343.06
1589305344.82
1589305346.58
1589305348.34
1589305350.1
1589305351.86
1589305353.62
1589305355.38
1589305357.14
1589305358.9
1589305360.74
1589305362.5
1589305364.26
1589305366.02
1589305367.78
1589305369.54
1589305372.18
1589305373.94
1589305375.7
1589305377.46
1589305379.22
1589305380.98
1589305383.62
1589305385.38
1589305387.14
1589305388.9
1589305390.66
1589305392.42
1589305394.18
1589305395.94
1589305397.7
1589305399.46
1589305401.22
1589305402.98
1589305404.74
1589305406.5
1589305408.26
1589305410.02
1589305411.78
1589305413.54
1589305415.3
1589305417.06
1589305418.82
1589305420.58
1589305422.34
1589305424.1
1589305425.86
1589305427.62
1589305430.26
1589305432.02
1589305434.66
1589305436.42
1589305438.18
1589305439.94
1589305441.74
1589305443.54
1589305445.3
1589305447.06
1589305448.82
1589305450.58
1589305452.34
1589305454.1
1589305455.86
1589305457.62
1589305459.38
1589305461.14
1589305462.9
1589305465.54
1589305467.3
1589305469.06
1589305470.82
1589305472.58
1589305474.34
1589305476.1
1589305477.86
1589305479.62
1589305481.38
1589305483.14
1589305484.9
1589305486.66
1589305488.42
1589305490.18
1589305491.94
1589305493.7
1589305495.46
1589305497.22
1589305498.98
1589305500.74
1589305502.5
1589305504.26
1589305506.02
1589305507.78
1589305509.54
1589305511.3
1589305513.06
1589305514.82
1589305516.58
1589305518.34
1589305520.1
1589305521.86
1589305523.7
1589305525.46
1589305527.22
1589305528.98
1589305530.74
1589305532.5
1589305534.26
1589305536.02
1589305537.78
1589305539.54
1589305541.3
1589305543.06
1589305544.82
1589305546.58
1589305548.34
1589305550.1
1589305551.86
1589305553.62
1589305555.38
1589305557.14
1589305558.9
1589305560.66
1589305562.42
1589305564.18
1589305565.94
1589305567.7
1589305569.46
1589305571.22
1589305572.98
1589305574.74
1589305576.5
1589305578.26
1589305580.02
1589305581.78
1589305583.54
1589305585.3
1589305587.06
1589305588.82
1589305590.58
1589305592.34
1589305594.1
1589305595.86
1589305597.62
1589305599.38
1589305601.14
1589305602.9
1589305604.66
1589305606.5
1589305608.26
1589305610.02
1589305611.78
1589305613.54
1589305615.3
1589305617.06
1589305618.82
1589305620.58
1589305622.34
1589305624.1
1589305625.86
1589305627.62
1589305629.38
1589305631.14
1589305632.9
1589305634.66
1589305636.42
1589305638.18
1589305639.94
1589305641.7
1589305643.46
1589305645.22
1589305646.98
1589305648.74
1589305650.5
1589305652.26
1589305654.02
1589305655.78
1589305657.54
1589305659.3
1589305661.06
1589305662.82
1589305664.58
1589305666.34
1589305668.1
1589305669.86
1589305671.62
1589305673.38
1589305675.14
1589305676.9
1589305678.66
1589305680.42
1589305682.18
1589305683.94
1589305685.7
1589305687.54
1589305689.3
1589305691.06
1589305692.82
1589305694.58
1589305696.34
1589305698.1
1589305699.86
1589305701.62
1589305703.38
1589305705.14
1589305706.9
1589305708.66
1589305710.42
1589305712.18
1589305713.95
1589305715.7
1589305717.46
1589305719.22
1589305720.98
1589305722.74
1589305724.5
1589305726.26
1589305728.02
1589305729.78
1589305731.54
1589305733.3
1589305735.06
1589305736.82
1589305738.58
1589305740.34
1589305742.1
1589305743.86
1589305745.62
1589305747.38
1589305749.14
1589305750.9
1589305752.66
1589305754.42
1589305756.18
1589305757.94
1589305759.7
1589305761.46
1589305763.22
1589305764.98
1589305766.74
1589305768.5
1589305770.34
1589305772.1
1589305773.86
1589305775.62
1589305777.38
1589305779.14
1589305780.9
1589305782.66
1589305784.42
1589305786.18
1589305787.94
1589305789.7
1589305791.46
1589305793.22
1589305794.98
1589305796.74
1589305798.5
1589305800.26
1589305802.02
1589305803.78
1589305805.54
1589305807.3
1589305809.06
1589305810.82
1589305812.58
1589305814.34
1589305816.1
1589305817.86
1589305819.62
1589305821.38
1589305823.14
1589305824.9
1589305826.66
1589305828.42
1589305830.18
1589305831.94
1589305833.7
1589305835.46
1589305837.22
1589305838.98
1589305840.74
1589305842.5
1589305844.26
1589305846.02
1589305847.78
1589305849.54
1589305851.38
1589305853.14
1589305854.9
1589305856.66
1589305858.42
1589305860.18
1589305861.94
1589305863.7
1589305865.46
1589305867.22
1589305868.98
1589305870.74
1589305872.5
1589305874.26
1589305876.02
1589305877.78
1589305879.54
1589305881.3
1589305883.06
1589305884.82
1589305886.58
1589305888.34
1589305890.1
1589305891.86
1589305893.62
1589305895.38
1589305897.14
1589305898.9
1589305900.66
1589305902.42
1589305904.18
1589305905.94
1589305907.7
1589305909.46
1589305911.22
1589305913.86
1589305915.62
1589305917.38
1589305919.14
1589305920.9
1589305922.66
1589305924.42
1589305926.18
1589305927.94
1589305929.7
1589305931.46
1589305933.3
1589305935.06
1589305936.82
1589305938.58
1589305940.34
1589305942.1
1589305943.86
1589305945.62
1589305947.38
1589305949.14
1589305950.9
1589305952.66
1589305954.42
1589305956.18
1589305957.94
1589305959.7
1589305961.46
1589305963.22
1589305964.98
1589305966.74
1589305968.5
1589305970.26
1589305972.02
1589305973.78
1589305975.54
1589305977.3
1589305979.06
1589305980.82
1589305982.58
1589305984.34
1589305986.1
1589305987.86
1589305989.62
1589305991.38
1589305993.14
1589305994.9
1589305996.66
1589305998.42
1589306000.18
1589306001.94
1589306003.7
1589306005.46
1589306007.22
1589306008.98
1589306010.74
1589306012.5
1589306014.26
1589306016.1
1589306017.86
1589306019.62
1589306021.38
1589306023.14
1589306024.9
1589306026.66
1589306028.42
1589306030.18
1589306031.94
1589306033.7
1589306035.46
1589306037.22
1589306038.98
1589306040.74
1589306042.5
1589306044.26
1589306046.02
1589306047.78
1589306049.54
1589306051.3
1589306053.06
1589306054.82
1589306056.58
1589306058.34
1589306060.1
1589306061.86
1589306063.62
1589306065.38
1589306067.14
1589306068.9
1589306070.66
1589306072.42
1589306074.18
1589306075.94
1589306077.7
1589306079.46
1589306081.22
1589306082.98
1589306084.74
1589306086.5
1589306088.26
1589306090.02
1589306091.78
1589306093.54
1589306095.3
1589306097.14
1589306098.9
1589306100.66
1589306102.42
1589306104.18
1589306105.94
1589306107.7
1589306109.46
1589306111.22
1589306112.98
1589306114.74
1589306116.5
1589306118.26
1589306120.02
1589306121.78
1589306123.54
1589306125.3
1589306127.06
1589306128.82
1589306130.58
1589306132.34
1589306134.1
1589306135.86
1589306137.62
1589306139.38
1589306141.14
1589306142.9
1589306144.66
1589306146.42
1589306148.18
1589306149.94
1589306151.7
1589306153.46
1589306155.22
1589306156.98
1589306158.74
1589306160.5
1589306162.26
1589306164.02
1589306165.78
1589306167.54
1589306169.3
1589306171.06
1589306172.82
1589306174.58
1589306176.34
1589306178.1
1589306179.94
1589306181.7
1589306183.46
1589306185.22
1589306186.98
1589306188.74
1589306190.5
1589306192.26
1589306194.02
1589306195.78
1589306197.54
1589306199.3
1589306201.06
1589306202.82
1589306204.58
1589306206.34
1589306208.1
1589306209.86
1589306211.62
1589306213.38
1589306215.14
1589306216.9
1589306218.66
1589306220.42
1589306222.18
1589306223.94
1589306225.7
1589306227.46
1589306229.22
1589306230.98
1589306232.74
1589306234.5
1589306236.26
1589306238.02
1589306239.78
1589306241.54
1589306243.3
1589306245.06
1589306246.82
1589306248.58
1589306250.34
1589306252.1
1589306253.86
1589306255.62
1589306257.38
1589306259.14
1589306260.94
1589306262.74
1589306264.5
1589306266.26
1589306268.02
1589306269.78
1589306271.54
1589306273.3
1589306275.06
1589306276.82
1589306278.58
1589306280.34
1589306282.1
1589306283.86
1589306285.62
1589306287.38
1589306289.14
1589306290.9
1589306292.66
1589306294.42
1589306296.18
1589306297.94
1589306299.7
1589306301.46
1589306303.22
1589306304.98
1589306306.74
1589306308.5
1589306310.26
1589306312.02
1589306313.78
1589306315.54
1589306317.3
1589306319.06
1589306320.82
1589306322.58
1589306324.34
1589306326.1
1589306327.86
1589306329.62
1589306332.26
1589306334.02
1589306335.78
1589306337.54
1589306339.3
1589306341.06
1589306342.82
1589306344.66
1589306346.42
1589306348.18
1589306349.94
1589306351.7
1589306353.46
1589306355.22
1589306356.98
1589306358.74
1589306360.5
1589306362.26
1589306364.02
1589306365.78
1589306367.54
1589306369.3
1589306371.06
1589306372.82
1589306374.58
1589306376.34
1589306378.1
1589306379.86
1589306381.62
1589306383.38
1589306385.14
1589306386.9
1589306388.66
1589306390.42
1589306392.18
1589306393.94
1589306395.7
1589306397.46
1589306399.22
1589306400.98
1589306403.62
1589306405.38
1589306407.14
1589306408.9
1589306410.66
1589306412.42
1589306414.18
1589306415.94
1589306417.7
1589306419.46
1589306421.22
1589306422.98
1589306424.78
1589306426.58
1589306428.34
1589306430.1
1589306431.86
1589306433.62
1589306435.38
1589306437.14
1589306438.9
1589306440.66
1589306442.42
1589306444.18
1589306445.94
1589306447.7
1589306449.46
1589306451.22
1589306452.98
1589306454.74
1589306456.5
1589306458.26
1589306460.02
1589306461.78
1589306463.54
1589306465.3
1589306467.06
1589306468.82
1589306470.58
1589306472.34
1589306474.1
1589306476.74
1589306478.5
1589306480.26
1589306482.02
1589306483.78
1589306485.54
1589306487.3
1589306489.06
1589306490.82
1589306492.58
1589306494.34
1589306496.1
1589306497.86
1589306499.62
1589306501.38
1589306503.14
1589306504.9
1589306506.7
1589306508.5
1589306510.26
1589306512.02
1589306513.78
1589306515.54
1589306517.3
1589306519.06
1589306520.82
1589306522.58
1589306524.34
1589306526.1
1589306527.86
1589306529.62
1589306531.38
1589306533.14
1589306534.9
1589306536.66
1589306538.42
1589306540.18
1589306541.94
1589306543.7
1589306545.46
1589306547.22
1589306548.98
1589306550.74
1589306552.5
1589306554.26
1589306556.02
1589306557.78
1589306559.54
1589306561.3
1589306563.06
1589306564.82
1589306566.58
1589306568.34
1589306570.1
1589306571.86
1589306573.62
1589306575.38
1589306577.14
1589306578.9
1589306580.66
1589306582.42
1589306584.18
1589306585.94
1589306587.7
1589306589.54
1589306591.3
1589306593.06
1589306594.82
1589306596.58
1589306598.34
1589306600.1
1589306601.86
1589306603.62
1589306605.38
1589306607.14
1589306608.9
1589306610.66
1589306612.42
1589306614.18
1589306615.94
1589306617.7
1589306619.46
1589306621.22
1589306622.98
1589306624.74
1589306626.5
1589306628.26
1589306630.02
1589306631.78
1589306633.54
1589306635.3
1589306637.06
1589306638.82
1589306640.58
1589306642.34
1589306644.1
1589306645.86
1589306647.62
1589306649.38
1589306651.14
1589306652.9
1589306654.66
1589306656.42
1589306658.18
1589306659.94
1589306661.7
1589306663.46
1589306665.22
1589306666.98
1589306668.74
1589306670.5
1589306672.34
1589306674.1
1589306675.86
1589306677.62
1589306679.38
1589306681.14
1589306682.9
1589306684.66
1589306686.42
1589306688.18
1589306689.94
1589306691.7
1589306693.46
1589306695.22
1589306696.98
1589306698.74
1589306700.5
1589306702.26
1589306704.02
1589306705.78
1589306707.54
1589306709.3
1589306711.06
1589306712.82
1589306714.58
1589306716.34
1589306718.1
1589306719.86
1589306721.62
1589306723.38
1589306725.14
1589306726.9
1589306728.66
1589306730.42
1589306732.18
1589306733.94
1589306735.7
1589306737.46
1589306739.22
1589306740.98
1589306742.74
1589306744.5
1589306746.26
1589306748.02
1589306749.78
1589306751.54
1589306753.38
1589306755.14
1589306756.9
1589306758.66
1589306760.42
1589306762.18
1589306763.94
1589306765.7
1589306767.46
1589306769.22
1589306770.98
1589306772.7