17187
17125
17125
17125
17125
17187
17187
17187
17125
17187
17187
17187
17187
17187
17187
17250
17187
17250
17187
17250
17250
17250
17250
17250
17250
17250
17250
17250
17187
17250
17250
17250
17250
17312
17250
17250
17250
17312
17250
17312
17250
17250
17312
17250
17250
17250
17312
17250
17250
17250
17312
17312
17312
17312
17312
17312
17312
17312
17312
17312
17312
17312
17312
17312
17312
17312
17375
17312
17375
17312
17375
17375
17312
17375
17375
17375
17375
17375
17375
17375
17375
17375
17437
17437
17437
17437
17375
17437
17375
17437
17437
17437
17437
17437
17437
17437
17375
17437
17437
17437
17437
17437
17500
17500
17500
17375
17500
17437
17500
17500
17500
17500
17500
17500
17500
17562
17562
17562
17562
17562
17562
17500
17500
17500
17562
17500
17562
17500
17562
17562
17562
17500
17562
17562
17562
17562
17562
17562
17562
17562
17562
17562
17562
17562
17562
17625
17562
17625
17625
17562
17625
17625
17562
17625
17625
17625
17562
17625
17625
17625
17625
17625
17625
17687
17625
17625
17687
17625
17625
17687
17625
17687
17625
17625
17687
17687
17687
17687
17687
17687
17750
17687
17687
17687
17750
17687
17750
17750
17687
17687
17687
17687
17750
17750
17750
17687
17750
17687
17750
17750
17750
17750
17750
17750
17750
17750
17750
17812
17750
17750
17812
17812
17812
17812
17812
17750
17812
17812
17812
17812
17812
17875
17812
17812
17812
17812
17875
17875
17812
17875
17812
17875
17812
17812
17812
17875
17812
17875
17875
17812
17812
17875
17875
17875
17875
17875
17875
17937
17875
17875
17875
17875
17875
17875
17937
17875
17875
17875
17875
17937
17937
17937
17875
17875
17937
17937
17937
17937
17937
17937
17937
17937
17937
17937
18000
17937
18000
18000
17937
18000
18000
18000
18000
17937
18000
18000
18000
18000
18000
18000
18000
18000
18000
18000
18000
18000
18062
18000
18000
18062
18000
18000
18000
18000
18062
18062
18062
18062
18062
18062
18062
18062
18062
18062
18062
18062
18062
18062
18062
18062
18125
18125
18125
18125
18125
18125
18125
18125
18125
18125
18187
18187
18125
18187
18125
18125
18125
18187
18125
18187
18125
18187
18187
18125
18187
18187
18187
18187
18187
18187
18187
18187
18187
18187
18187
18250
18187
18187
18250
18250
18250
18250
18250
18250
18250
18250
18187
18250
18250
18250
18250
18312
18312
18250
18250
18250
18250
18312
18250
18312
18250
18250
18250
18312
18250
18312
18312
18312
18250
18312
18312
18250
18312
18312
18312
18312
18312
18312
18312
18312
18312
18312
18312
18312
18312
18312
18312
18375
18375
18375
18312
18375
18375
18375
18375
18375
18375
18437
18375
18375
18375
18375
18375
18375
18375
18437
18375
18437
18375
18375
18437
18437
18437
18437
18437
18437
18437
18437
18437
18437
18437
18437
18437
18437
18500
18437
18500
18500
18500
18500
18500
18500
18500
18500
18437
18500
18500
18437
18500
18500
18500
18500
18500
18500
18500
18500
18500
18562
18562
18500
18500
18562
18562
18562
18500
18562
18562
18562
18562
18562
18562
18625
18562
18562
18562
18562
18562
18562
18562
18625
18625
18625
18562
18625
18625
18625
18625
18625
18625
18625
18625
18625
18625
18687
18687
18687
18687
18625
18625
18687
18687
18687
18687
18750
18687
18687
18687
18687
18687
18687
18750
18687
18687
18687
18687
18687
18687
18750
18750
18750
18750
18750
18750
18750
18750
18750
18750
18750
18750
18750
18750
18812
18750
18750
18750
18750
18812
18812
18812
18812
18812
18812
18812
18812
18812
18812
18812
18812
18812
18812
18812
18812
18812
18875
18812
18875
18875
18812
18812
18875
18812
18812
18812
18875
18875
18875
18812
18875
18812
18875
18875
18875
18875
18875
18812
18937
18875
18875
18937
18875
18875
18937
18875
18937
18937
18937
18937
18937
18937
18937
18937
18937
18937
18937
19000
19000
19000
19000
18937
19000
19000
19000
19000
18937
18937
19000
18937
18937
19000
19000
19000
19000
19000
19000
19000
19000
19000
19062
19000
19062
19000
19000
19062
19062
19062
19062
19062
19062
19062
19062
19062
19062
19062
19062
19062
19062
19062
19125
19062
19062
19125
19062
19062
19125
19125
19125
19125
19125
19062
19125
19125
19125
19125
19125
19187
19125
19125
19125
19125
19125
19125
19125
19125
19187
19187
19125
19187
19187
19187
19125
19187
19187
19187
19187
19187
19250
19187
19187
19187
19187
19187
19187
19187
19187
19250
19250
19187
19250
19250
19250
19250
19250
19250
19250
19187
19250
19187
19250
19187
19250
19250
19250
19250
19312
19250
19250
19312
19312
19312
19250
19250
19250
19250
19250
19250
19250
19250
19250
19250
19250
19250
19312
19250
19312
19312
19312
19312
19312
19312
19312
19312
19312
19312
19312
19312
19375
19375
19375
19375
19375
19312
19375
19375
19375
19375
19375
19375
19375
19312
19312
19312
19312
19312
19312
19312
19312
19312
19312
19312
19312
19312
19312
19312
19312
19312
19312
19312
19437
19437
19437
19500
19500
19500
19437
19437
19437
19437
19437
19437
19437
19437
19500
19500
19500
19500
19500
19500
19500
19500
19500
19500
19500
19500
19500
19562
19562
19562
19562
19562
19562
19562
19562
19562
19562
19562
19562
19562
19562
19562
19562
19562
19562
19562
19625
19562
19562
19625
19625
19562
19625
19625
19625
19625
19687
19687
19687
19625
19625
19625
19625
19687
19687
19625
19687
19687
19687
19687
19687
19687
19687
19687
19687
19687
19687
19687
19750
19750
19750
19750
19750
19750
19750
19750
19750
19687
19687
19750
19750
19750
19750
19750
19750
19750
19750
19812
19750
19750
19812
19812
19812
19812
19812
19750
19750
19812
19812
19812
19812
19812
19812
19812
19812
19812
19812
19875
19875
19875
19812
19812
19875
19875
19875
19875
19875
19875
19875
19875
19875
19875
19875
19875
19875
19875
19937
19937
19875
19937
19937
19875
19937
19937
19937
19875
19875
19937
19937
19875
19937
19937
19937
19937
19937
19937
19937
19937
19937
20000
19937
20000
20000
20000
20000
19937
20000
20000
20000
20000
20000
20000
20000
20000
20000
20000
20062
20000
20000
20000
20000
20062
20062
20062
20062
20000
20062
20062
20000
20062
20062
20062
20062
20062
20125
20062
20062
20062
20125
20062
20125
20125
20125
20062
20062
20125
20125
20062
20125
20062
20062
20062
20125
20125
20125
20125
20125
20062
20125
20125
20125
20125
20125
20125
20125
20187
20187
20187
20187
20187
20187
20187
20187
20187
20187
20187
20187
20250
20250
20250
20250
20250
20250
20250
20250
20250
20250
20250
20250
20250
20250
20250
20250
20250
20250
20250
20250
20250
20250
20250
20250
20250
20312
20250
20312
20312
20312
20250
20312
20312
20312
20312
20312
20312
20375
20312
20375
20375
20312
20312
20312
20312
20312
20312
20312
20312
20312
20312
20375
20375
20375
20375
20375
20437
20375
20375
20375
20375
20375
20437
20375
20437
20437
20437
20437
20437
20437
20437
20437
20437
20437
20437
20437
20437
20437
20500
20437
20437
20437
20437
20500
20437
20437
20500
20500
20437
20500
20500
20500
20500
20437
20500
20500
20500
20500
20500
20500
20500
20500
20500
20437
20500
20500
20500
20500
20500
20500
20500
20500
20562
20562
20562
20562
20500
20562
20562
20562
20562
20562
20562
20562
20562
20562
20562
20562
20562
20562
20562
20562
20562
20625
20562
20562
20625
20625
20625
20625
20625
20562
20625
20625
20625
20625
20625
20625
20625
20687
20625
20625
20625
20687
20687
20687
20687
20687
20687
20687
20687
20687
20687
20687
20687
20687
20687
20687
20750
20687
20750
20750
20750
20687
20687
20750
20750
20750
20750
20750
20750
20750
20750
20750
20687
20750
20750
20750
20687
20750
20750
20812
20750
20750
20750
20812
20812
20812
20812
20812
20812
20812
20750
20812
20812
20875
20812
20875
20812
20812
20812
20812
20812
20812
20812
20812
20812
20812
20875
20875
20875
20875
20875
20875
20875
20875
20875
20812
20875
20875
20875
20875
20875
20875
20875
20875
20875
20875
20875
20875
20937
20875
20875
20937
20937
20875
20937
20937
20937
20937
20937
20937
20937
20937
20937
20937
20937
21000
21000
21000
20937
20937
21000
20937
20937
20937
20937
20937
21000
21000
21000
21000
21000
21000
21000
21062
21000
21062
21062
21000
21062
21062
21062
21000
21062
21062
21000
21000
21062
21000
21062
21062
21062
21062
21062
21062
21062
21062
21125
21062
21062
21125
21125
21125
21125
21125
21125
21125
21125
21125
21125
21125
21125
21187
21125
21125
21125
21125
21125
21125
21125
21187
21125
21187
21125
21125
21125
21125
21187
21187
21187
21187
21187
21187
21187
21187
21250
21250
21250
21187
21250
21250
21187
21187
21187
21250
21187
21187
21187
21187
21250
21187
21187
21187
21187
21250
21250
21250
21250
21250
21250
21250
21250
21250
21250
21250
21250
21250
21312
21312
21312
21312
21250
21250
21250
21250
21250
21250
21250
21250
21250
21250
21250
21250
21250
21312
21312
21312
21312
21312
21312
21312
21312
21312
21312
21312
21312
21375
21312
21312
21375
21375
21375
21375
21375
21375
21312
21375
21375
21375
21375
21375
21375
21375
21375
21375
21312
21375
21375
21375
21375
21375
21312
21375
21375
21375
21375
21375
21375
21375
21375
21312
21375
21375
21375
21312
21375
21375
21375
21375
21312
21375
21312
21375
21375
21375
21375
21375
21375
21375
21375
21375
21375
21375
21375
21375
21437
21437
21437
21437
21437
21437
21437
21437
21437
21500
21437
21500
21437
21500
21500
21500
21500
21500
21500
21500
21562
21500
21500
21500
21562
21562
21562
21562
21562
21562
21562
21562
21562
21625
21562
21562
21562
21562
21562
21562
21562
21562
21562
21625
21562
21562
21562
21562
21625
21625
21625
21625
21625
21625
21625
21625
21625
21687
21625
21687
21625
21625
21625
21625
21687
21625
21625
21687
21625
21687
21687
21687
21687
21687
21687
21750
21687
21687
21687
21687
21687
21687
21687
21750
21687
21687
21687
21687
21687
21687
21687
21750
21750
21750
21750
21750
21750
21687
21750
21750
21750
21750
21750
21750
21750
21750
21750
21750
21750
21750
21750
21812
21812
21750
21750
21750
21812
21812
21750
21812
21812
21812
21812
21812
21812
21812
21875
21812
21812
21875
21875
21812
21812
21812
21812
21812
21875
21812
21875
21875
21875
21875
21875
21875
21875
21875
21875
21875
21875
21875
21875
21875
21875
21875
21875
21937
21875
21875
21875
21937
21875
21937
21937
21937
21937
21937
21937
21875
21937
21937
21937
21875
21875
21875
21937
21937
21937
21937
22000
21937
22000
22000
21937
21937
22000
22000
22000
21937
21937
21937
22000
22000
22000
22000
22000
22000
22000
22000
22000
22000
22000
22000
22000
22000
22062
22062
22062
22062
22062
22062
22000
22000
22125
22062
22062
22062
22062
22062
22062
22062
22062
22062
22062
22125
22062
22062
22062
22125
22062
22062
22125
22062
22125
22125
22125
22062
22125
22125
22125
22125
22125
22125
22125
22125
22125
22062
22125
22125
22125
22125
22125
22125
22125
22125
22125
22187
22187
22187
22187
22187
22187
22187
22187
22187
22187
22187
22187
22250
22187
22250
22250
22187
22187
22187
22250
22250
22250
22187
22187
22250
22187
22250
22187
22187
22250
22250
22250
22187
22250
22250
22250
22250
22250
22250
22250
22250
22250
22250
22250
22250
22250
22250
22250
22250
22250
22250
22250
22250
22250
22312
22250
22250
22312
22250
22250
22312
22250
22312
22250
22250
22250
22250
22250
22250
22250
22250
22250
22250
22250
22250
22250
22250
22250
22187
22250
22250
22187
22187
22250
22187
22250
22250
22250
22250
22250
22250
22250
22250
22250
22187
22250
22250
22250
22250
22250
22250
22250
22187
22187
22187
22187
22187
22250
22250
22187
22250
22250
22250
22312
22312
22250
22312
22312
22375
22375
22375
22375
22312
22375
22375
22375
22437
22437
22375
22375
22437
22437
22437
22375
22437
22437
22375
22375
22375
22437
22437
22437
22437
22437
22437
22437
22437
22437
22437
22437
22437
22437
22437
22500
22500
22500
22437
22500
22500
22500
22437
22500
22500
22500
22500
22500
22500
22500
22500
22500
22500
22500
22500
22500
22500
22562
22562
22500
22562
22562
22562
22562
22562
22562
22562
22562
22562
22562
22562
22562
22562
22562
22562
22562
22562
22562
22562
22562
22562
22562
22562
22562
22562
22562
22562
22562
22562
22562
22562
22562
22562
22562
22562
22562
22625
22625
22625
22625
22625
22625
22562
22625
22625
22625
22625
22625
22625
22625
22625
22625
22625
22625
22625
22625
22625
22625
22687
22687
22687
22687
22687
22625
22687
22687
22687
22687
22687
22687
22687
22687
22687
22687
22687
22687
22687
22687
22687
22687
22687
22687
22687
22625
22687
22687
22687
22687
22687
22687
22687
22687
22687
22687
22750
22687
22687
22687
22687
22750
22750
22687
22687
22750
22687
22687
22750
22750
22750
22750
22750
22750
22750
22750
22750
22750
22750
22750
22750
22750
22812
22750
22750
22750
22812
22750
22750
22750
22750
22750
22750
22750
22812
22812
22750
22812
22750
22812
22812
22750
22812
22812
22812
22812
22812
22812
22812
22812
22812
22812
22812
22812
22812
22812
22812
22812
22812
22812
22812
22875
22812
22812
22812
22812
22812
22875
22875
22875
22812
22875
22812
22812
22875
22875
22875
22875
22812
22875
22875
22875
22875
22875
22875
22875
22875
22875
22875
22875
22875
22875
22937
22875
22875
22875
22812
22812
22875
22875
22875
22875
22875
22875
22875
22875
22875
22875
22875
22937
22937
22937
22937
22937
22875
22937
22875
22875
22937
22875
22875
22875
22875
22937
22937
22875
22937
22937
22937
22875
22937
22937
22875
22937
22937
22875
22937
22875
22875
22937
22937
22937
22875
22937
22875
22937
22937
22937
22937
22937
22937
22937
22875
22937
22937
22937
22937
22937
22937
22937
22937
22937
22937
22937
22937
22937
22937
22937
23000
22937
22937
22937
22937
22937
22875
22937
22937
22937
22937
22937
22937
22875
22937
22937
22937
22937
22937
22937
22937
22937
22937
22937
22937
23000
22937
22937
22937
22937
22937
23000
22937
23000
22937
22937
22937
22937
22937
22937
22937
22937
22937
23000
22937
23000
23000
22937
23000
23000
22937
22937
22937
22937
22937
22937
22937
22937
22875
22937
23000
22937
22937
22937
22937
22937
23000
22937
22937
23000
23000
22937
23000
23000
22937
22937
23000
23000
22937
22937
22937
22937
22875
22875
22937
22937
22937
23000
22937
22937
22937
22937
22937
22937
22937
22937
22937
22937
22937
22937
22937
22937
22937
22937
22875
22875
22937
22937
22937
22937
22937
22937
22937
22937
22937
23000
22937
22937
22937
22937
22937
22937
22937
22937
22937
22937
22937
22937
22937
22937
23000
22937
23000
22937
22937
22937
22937
22937
22937
22937
22937
22937
23000
22937
22937
22937
22937
22937
22937
22937
22937
22937
22937
23000
22937
23000
22937
22937
22937
22937
23000
22937
23000
23000
23000
23000
23000
23000
23000
23000
23000
22937
23000
22937
23000
23000
22937
23000
23000
23000
23000
22937
22937
23000
23000
23000
23000
23000
23000
22937
23000
23000
23062
23000
23000
23000
23000
23000
23000
23000
23000
22937
23000
23062
23000
23000
23000
23000
23000
23000
23000
23000
23000
23000
23000
23000
23000
22937
23000
23000
23000
23000
23000
23000
23000
23062
23000
23000
23000
23062
23000
23000
23000
23000
23000
23000
23000
23000
23000
23000
23000
23062
23000
23000
23000
23000
23000
23000
23000
23000
23000
23000
23000
23000
23000
23000
23000
23000
23000
23000
23000
23000
22937
23000
23000
23000
23000
23000
23000
23000
23000
23000
23000
23000
23000
23000
23000
23000
23000
23000
23000
23062
23000
23000
23000
23000
23000
23000
23062
23000
23000
23000
23000
23000
23000
23000
23062
23000
23000
23000
23000
23000
23000
23000
22937
23000
23000
23000
23000
23000
23000
23000
23000
23000
23000
23000
23000
23000
23000
23000
23000
23000
23000
23000
23000
23000
23000
23000
23000
23000
23000
23000
23000
23000
23000
23062
23000
23000
23000
23000
23000
23000
23000
23062
23000
23000
23062
23000
23000
23062
23062
23062
23062
23062
23062
23000
23062
23062
23000
23062
23062
23000
23062
23000
23062
23000
23000
23062
23000
23062
23000
23000
23000
23000
23000
23000
23000
23062
23062
23000
23062
23062
23062
23000
23062
23062
23062
23000
23000
23062
23062
23062
23000
23000
23000
23000
23062
23000
23062
23062
23000
23000
23000
23000
23000
23062
23000
23062
23000
23000
23000
23000
23000
23000
23062
23000
23000
23000
23000
23000
23000
23000
23000
23000
23000
23000
23000
23000
23000
23000
23000
23000
23000
22937
23000
23000
23000
23000
23000
23000
23000
23000
23000
23000
23000
23000
23000
23000
23062
23062
23000
23000
23062
23000
23000
23000
23000
23000
23000
23000
23062
23062
23062
23062
23000
23000
23000
23000
23000
23000
23000
23000
23000
23000
23000
23000
23000
23000
23000
23000
23000
23000
23000
23062
23062
23000
23000
23000
23000
22937
23000
23000
22937
23000
23000
23000
23000
23000
23000
23000
23000
23000
23000
23000
23000
23000
23000
23000
23000
23000
23000
23000
23000
23000
23000
23000
23000
23000
23000
23000
23000
23000
23000
23000
23000
23000
23000
23000
23000
22937
23000
23000
23000
23000
22937
23000
23000
23000
23000
23000
22937
23000
23000
23000
23000
23000
23000
22937
23000
22937
23000
23000
23000
23000
23000
23000
23000
23000
23000
23062
23000
23000
23000
23000
23000
22937
23000
23000
23000
22937
23000
23062
23000
23000
23000
23000
23000
23000
23000
23000
23000
23000
23000
23000
23000
23000
23000
23000
23000
23000
23000
23000
23000
23000
23000
23000
23000
23000
23000
23000
23000
23000
23000
23000
23000
23000
23000
23000
22937
23000
23000
23000
23000
23000
23000
23000
23000
23000
23000
23000
23000
23000
23000
23000
23000
23000
23000
23000
23000
23000
23000
23000
23000
23000
23000
23000
23000
23000
23000
23000
23000
23000
22937
22937
23000
23000
22937
23000
22937
22937
22937
23000
23000
23000
23000
23000
23000
23000
23000
23000
22937
23000
23000
23000
22937
23000
23000
23000
23000
23000
22937
23000
23000
23062
23000
23000
22937
23000
22937
23000
23000
23000
23000
23000
23000
23000
23000
23000
23000
23000
23000
23000
23000
23000
23000
23000
23000
23000
23000
23000
23000
23000
23000
23000
23000
23000
23000
23000
22937
23000
22937
23000
23000
23000
23000
23000
23000
23000
23000
23000
23000
23000
23000
23000
23000
23000
22937
23000
23000
23000
22937
23000
22937
23000
23000
23000
22937
22937
23000
23000
23000
23000
22937
23000
22937
23000
23000
23000
23000
23000
23000
23000
23000
22937
23000
23000
22937
22937
23000
23000
22937
22937
22937
22937
23000
22937
23000
22937
23000
23000
22937
23000
22937
23000
23000
23000
23000
23000
23000
22937
23000
22937
23000
23000
22937
22937
23000
22937
23000
22937
23000
23000
23000
22937
22937
22937
23000
22937
22937
23000
22937
22937
22937
22937
22937
22937
22937
22937
23000
22937
23000
23000
22937
22937
22937
22937
23000
22937
23000
23000
23000
23000
23000
23000
22937
22937
22937
22937
22937
23000
22937
